  1.0681933e+002  9.8280149e+001  0.0000000e+000
  9.9421210e+001  1.0692178e+002  0.0000000e+000
  1.0685120e+002  1.0180374e+002  0.0000000e+000
  9.6066162e+001  9.8537202e+001  0.0000000e+000
  1.0725807e+002  1.0944235e+002  0.0000000e+000
  1.1472138e+002  9.1360823e+001  0.0000000e+000
  1.0073031e+002  8.6175345e+001  0.0000000e+000
  1.0986304e+002  9.3952749e+001  0.0000000e+000
  8.6981121e+001  1.0238740e+002  0.0000000e+000
  1.0086178e+002  9.6743677e+001  0.0000000e+000
  1.0296309e+002  8.1918507e+001  0.0000000e+000
  1.0281580e+002  8.8427274e+001  0.0000000e+000
  1.1080663e+002  9.9267083e+001  0.0000000e+000
  9.2643733e+001  1.2388107e+002  1.0000000e+000
  9.4116035e+001  1.2164470e+002  1.0000000e+000
  9.3000602e+001  1.2250647e+002  1.0000000e+000
  9.3397051e+001  1.2365052e+002  1.0000000e+000
  9.5421177e+001  1.2401961e+002  1.0000000e+000
  9.4407575e+001  1.2396604e+002  1.0000000e+000
  9.4226278e+001  1.2153302e+002  1.0000000e+000
  9.3698503e+001  1.2437333e+002  1.0000000e+000
  9.4415299e+001  1.2182694e+002  1.0000000e+000
  9.3937854e+001  1.2260040e+002  1.0000000e+000
  9.2702078e+001  1.2289240e+002  1.0000000e+000
  9.5008323e+001  1.2246694e+002  1.0000000e+000
  9.3043325e+001  1.2353325e+002  1.0000000e+000
  9.3831066e+001  1.2449640e+002  1.0000000e+000
  9.5214553e+001  1.2249261e+002  1.0000000e+000
  9.5708578e+001  1.2330593e+002  1.0000000e+000
  9.3385358e+001  1.2395189e+002  1.0000000e+000
  9.4199795e+001  1.2171022e+002  1.0000000e+000
  9.2876069e+001  1.2218234e+002  1.0000000e+000
  9.4922412e+001  1.2386274e+002  1.0000000e+000
  1.2242873e+002  7.8564243e+001  2.0000000e+000
  1.2207996e+002  7.7087961e+001  2.0000000e+000
  1.2116039e+002  7.6287998e+001  2.0000000e+000
  1.2052796e+002  7.7412288e+001  2.0000000e+000
  1.2312898e+002  7.8295310e+001  2.0000000e+000
  1.2343160e+002  7.6796530e+001  2.0000000e+000
  1.2178318e+002  7.5239755e+001  2.0000000e+000
  1.2247265e+002  7.5688439e+001  2.0000000e+000
  1.2248516e+002  7.5955245e+001  2.0000000e+000
  1.2238479e+002  7.5891125e+001  2.0000000e+000
  1.2351975e+002  7.6321897e+001  2.0000000e+000
  1.2369045e+002  7.6464920e+001  2.0000000e+000
  1.2248783e+002  7.5486671e+001  2.0000000e+000
  1.2196267e+002  7.5671452e+001  2.0000000e+000
  1.2272728e+002  7.6263807e+001  2.0000000e+000
  1.2345525e+002  7.6416353e+001  2.0000000e+000
  1.2239840e+002  7.5265195e+001  2.0000000e+000
  1.2182366e+002  7.7770289e+001  2.0000000e+000
  1.2065775e+002  7.5986055e+001  2.0000000e+000
  1.2247690e+002  7.8418817e+001  2.0000000e+000
  1.2322685e+002  7.6853248e+001  2.0000000e+000
  1.2233074e+002  7.6920218e+001  2.0000000e+000
  1.2232540e+002  7.6646201e+001  2.0000000e+000
  1.2302666e+002  7.5915935e+001  2.0000000e+000
  1.2139889e+002  7.6192879e+001  2.0000000e+000
  1.2131997e+002  7.5951226e+001  2.0000000e+000
  1.2308520e+002  7.7220085e+001  2.0000000e+000
  1.2061015e+002  7.7369427e+001  2.0000000e+000
  1.2234235e+002  7.7745357e+001  2.0000000e+000
  1.2035564e+002  7.7026204e+001  2.0000000e+000
  8.0537995e+001  8.0083534e+001  3.0000000e+000
  8.0912618e+001  8.0669318e+001  3.0000000e+000
  8.1148326e+001  7.9138799e+001  3.0000000e+000
  7.9021119e+001  7.9747163e+001  3.0000000e+000
  8.0783682e+001  8.1156246e+001  3.0000000e+000
  7.9752324e+001  8.0126589e+001  3.0000000e+000
  8.0054323e+001  8.0593927e+001  3.0000000e+000
  8.0650785e+001  7.8885357e+001  3.0000000e+000
  7.9208365e+001  7.9293867e+001  3.0000000e+000
  8.0896740e+001  7.9352190e+001  3.0000000e+000
  8.0418237e+001  8.0357861e+001  3.0000000e+000
  7.9129002e+001  7.9268546e+001  3.0000000e+000
  7.9461908e+001  7.9997674e+001  3.0000000e+000
  7.9880918e+001  7.9820981e+001  3.0000000e+000
  8.0301342e+001  7.9873185e+001  3.0000000e+000
  8.1285295e+001  8.0520704e+001  3.0000000e+000
  7.8400880e+001  8.0709673e+001  3.0000000e+000
  7.9078482e+001  7.8673944e+001  3.0000000e+000
  7.8753038e+001  8.0021094e+001  3.0000000e+000
  7.9898457e+001  7.9637502e+001  3.0000000e+000
  8.0771356e+001  7.9890948e+001  3.0000000e+000
  8.0444088e+001  8.1056566e+001  3.0000000e+000
  8.0679042e+001  8.0621526e+001  3.0000000e+000
  7.9140976e+001  7.9437872e+001  3.0000000e+000
  8.0438062e+001  7.8584255e+001  3.0000000e+000